means = [0.0, 0.5972531564093517, 1.1945063128187035, 1.7917594692280552, 2.389012625637407, 2.9862657820467584, 3.5835189384561104, 4.180772094865462, 4.778025251274814, 5.375278407684165]
stddevs = [0.5972531564093517, 0.5972531564093517, 1.1945063128187035, 1.1945063128187035, 1.1945063128187035, 1.1945063128187032, 1.1945063128187035, 1.194506312818704, 1.1945063128187035, 1.194506312818703]
[0.0012917124055788257, 0.0031757049806846525, 0.035725207827622445, 0.176440001365898, 0.727887809695067, 2.312552853727136, 3.2283791799774675, 0.41622783300193206, 5.208437604399193e-8, 2.7145780558714115e-8]
209.9998219546463
precomputation complete
times = [0.0, 9.999999999999999e-5, 0.0010999999999999998, 0.011099999999999997, 0.11109999999999996, 1.1110999999999995, 7.581189787285459, 18.933829526267818, 32.76010299767975, 51.219752547240844, 75.11506180960103, 106.56862994919877, 147.70063650733445, 202.37719005446303, 278.5067576715119, 385.8017189855443, 491.09906967281415, 619.2092188930127, 764.4570004899716, 946.39709019671, 1162.3511793869598, 1386.5499018070534, 1652.5053730656277, 1952.6169603100939, 2315.1913363969334, 2738.6475585052867, 3227.2534859107413, 3600.0]
M_0 = [0.0, 0.0006901034505590257, 0.0075911379561444895, 0.07660148300708666, 0.7667049285920712, 7.667734458805387, 52.31647027567669, 130.63836502228185, 225.9509221269957, 352.9811715318072, 516.8312924610096, 731.030683151018, 1007.5436078654616, 1366.3073205450605, 1842.5741177124876, 2449.768497431346, 2949.372610069594, 3402.347138324234, 3706.1577051941267, 3838.941966365358, 3809.1543029311406, 3724.724978131007, 3648.361723840963, 3608.4791716793297, 3596.9129003886333, 3598.090971170338, 3600.047279738706, 3600.405268300293]
M_1 = [0.0, 0.02099992557912554, 0.23099918137037076, 2.330991739272426, 23.330917307871456, 233.33016256969975, 1592.0408638963731, 3976.0378165547872, 6879.324938211516, 10755.057187198556, 15770.71219103889, 22369.226617297885, 30988.035775225064, 42414.10123567378, 58208.508121131345, 79961.34100528377, 100077.81734141934, 121494.6658162233, 139863.35724549976, 153225.9290272686, 158742.60878532767, 158796.35668221815, 157035.0281355921, 155497.02296688966, 154759.4465420954, 154642.89512857434, 154696.00453646807, 154718.23515587082]
M_2 = [0.0, 0.8728695169184251, 9.60156468611381, 96.88851638948111, 969.7580448644799, 9698.464773726595, 66177.57035337319, 165324.88842781252, 286249.6058159097, 448215.70658725034, 659235.2933576407, 940432.6004719245, 1.3164808970308602e6, 1.8365101252128528e6, 2.611841071630248e6, 3.829100649943827e6, 5.15891686715253e6, 6.853483294662571e6, 8.621357942159737e6, 1.0243874893977107e7, 1.1237989161849419e7, 1.156948963779426e7, 1.1579769905824158e7, 1.1485332486509714e7, 1.1409820643791892e7, 1.138505007433816e7, 1.1385179703373963e7, 1.13871173027699e7]
c_init = [0.0, 0.0, 0.0, 0.0, 0.0, 0.0, 0.0, 0.0, 0.0, 0.0]
c_final = [0.519611287498989, 1.3133373778006023, 12.890655111012595, 66.0738719297977, 254.45149638952626, 941.7520655864561, 1559.322099504376, 472.1912581280983, 212.94204300597153, 174.93454379688362]
  8.897833 seconds (24.35 M allocations: 1.112 GiB, 8.24% gc time)