# Two mode golovin example

99.9999995947327, 47710.316222800786, 6.533938835921797e7
[99.9999995947327, 0.5346297847502888, 892.3991475416827]
n =31.542881774005476
k =1.048831691079956
theta =1441.4076699861962
times = [0.0, 720.0, 1440.0, 2160.0, 2880.0, 3600.0, 4320.0, 5040.0, 5760.0, 6480.0, 7200.0, 7920.0, 8640.0, 9360.0, 10080.0, 10800.0, 11520.0, 12240.0, 12960.0, 13680.0, 14400.0]
M0 = [99.9999995947327, 94.63588865133234, 89.57938433244672, 84.46551332023273, 79.19633468563413, 74.46098285864399, 70.26438226311917, 66.35753227855773, 62.503563043008725, 59.372861514834455, 55.85255601694848, 52.64917048775135, 49.66814842930687, 46.68718725623334, 43.97132092260677, 41.741608122118365, 39.478832884410245, 37.38993219945012, 35.342872483000804, 33.312170006548754, 31.542881774005476]
M1 = [47710.31622280079, 47709.49390536204, 47708.86513552322, 47707.43249668437, 47706.004669752765, 47704.746998497045, 47703.6835298112, 47702.7011881317, 47701.42647650722, 47700.62658553988, 47699.445396779294, 47697.846406836485, 47696.66482372911, 47695.62371025759, 47694.126871668464, 47693.12731815393, 47691.99583292185, 47690.958073590264, 47689.77771306101, 47687.3546413447, 47686.34079802776]
M2 = [6.533938835921798e7, 6.739656762453404e7, 6.933010695161466e7, 7.118281401897211e7, 7.314254874693365e7, 7.553730424740718e7, 7.82805426720976e7, 8.109246328601263e7, 8.398664846558003e7, 8.721738988571256e7, 9.0562530558975e7, 9.43498936431869e7, 9.846420346132821e7, 1.0292391451301523e8, 1.0718865196190757e8, 1.119697769038357e8, 1.1739586114204356e8, 1.2284404288854694e8, 1.2834029950767411e8, 1.3424477490115473e8, 1.4082738338071823e8]